Date time,Home (kWh),Vehicle (kWh),From Powerwall (kWh),Solar Energy (kWh),From Grid (kWh),To Grid (kWh)
2025-01-01T08:00:00.000-08:00,28.8,0.0,0.0,40.5,0.0,11.7
2025-01-02T08:00:00.000-08:00,20.4,0.0,0.0,44.1,0.0,23.7
2025-01-03T08:00:00.000-08:00,27.1,0.0,0.0,39.0,0.0,11.9
2025-01-04T08:00:00.000-08:00,28.0,0.0,0.0,30.1,0.0,2.1
2025-01-05T08:00:00.000-08:00,21.9,0.0,0.0,40.7,0.0,18.8
2025-01-06T08:00:00.000-08:00,28.0,0.0,0.0,38.7,0.0,10.7
2025-01-07T08:00:00.000-08:00,24.9,0.0,0.0,45.7,0.0,20.8
2025-01-08T08:00:00.000-08:00,21.3,0.0,0.0,47.9,0.0,26.6
2025-01-09T08:00:00.000-08:00,22.5,0.0,0.0,41.4,0.0,18.9
2025-01-10T08:00:00.000-08:00,21.7,0.0,0.0,36.2,0.0,14.5
2025-01-11T08:00:00.000-08:00,24.5,0.0,0.0,33.2,0.0,8.7
2025-01-12T08:00:00.000-08:00,25.9,0.0,0.0,46.2,0.0,20.3
2025-01-13T08:00:00.000-08:00,23.2,0.0,0.0,32.0,0.0,8.8
2025-01-14T08:00:00.000-08:00,28.4,0.0,0.0,37.4,0.0,9.0
2025-01-15T08:00:00.000-08:00,28.7,0.0,0.0,36.8,0.0,8.1
2025-01-16T08:00:00.000-08:00,20.7,0.0,0.0,49.7,0.0,29.0
2025-01-17T08:00:00.000-08:00,22.4,0.0,0.0,41.2,0.0,18.8
2025-01-18T08:00:00.000-08:00,26.5,0.0,0.0,39.3,0.0,12.8
2025-01-19T08:00:00.000-08:00,21.3,0.0,0.0,33.9,0.0,12.6
2025-01-20T08:00:00.000-08:00,28.9,0.0,0.0,36.9,0.0,8.0
2025-01-21T08:00:00.000-08:00,20.2,0.0,0.0,34.1,0.0,13.9
2025-01-22T08:00:00.000-08:00,27.7,0.0,0.0,39.0,0.0,11.3
2025-01-23T08:00:00.000-08:00,26.0,0.0,0.0,40.9,0.0,14.9
2025-01-24T08:00:00.000-08:00,22.4,0.0,0.0,33.9,0.0,11.5
2025-01-25T08:00:00.000-08:00,22.9,0.0,0.0,36.2,0.0,13.3
2025-01-26T08:00:00.000-08:00,26.1,0.0,0.0,46.1,0.0,20.0
2025-01-27T08:00:00.000-08:00,27.0,0.0,0.0,43.4,0.0,16.4
2025-01-28T08:00:00.000-08:00,24.3,0.0,0.0,47.9,0.0,23.6
2025-01-29T08:00:00.000-08:00,26.5,0.0,0.0,41.6,0.0,15.1
2025-01-30T08:00:00.000-08:00,25.7,0.0,0.0,33.7,0.0,8.0
2025-01-31T08:00:00.000-08:00,28.8,0.0,0.0,43.5,0.0,14.7
2025-02-01T08:00:00.000-08:00,25.7,0.0,0.0,42.6,0.0,16.9
2025-02-02T08:00:00.000-08:00,21.5,0.0,0.0,45.4,0.0,23.9
2025-02-03T08:00:00.000-08:00,23.1,0.0,0.0,40.5,0.0,17.4
2025-02-04T08:00:00.000-08:00,29.1,0.0,0.0,38.0,0.0,8.9
2025-02-05T08:00:00.000-08:00,23.9,0.0,0.0,45.5,0.0,21.6
2025-02-06T08:00:00.000-08:00,21.1,0.0,0.0,32.0,0.0,10.9
2025-02-07T08:00:00.000-08:00,26.8,0.0,0.0,45.7,0.0,18.9
2025-02-08T08:00:00.000-08:00,28.1,0.0,0.0,41.5,0.0,13.4
2025-02-09T08:00:00.000-08:00,24.6,0.0,0.0,47.3,0.0,22.7
2025-02-10T08:00:00.000-08:00,21.6,0.0,0.0,30.9,0.0,9.3
2025-02-11T08:00:00.000-08:00,25.3,0.0,0.0,30.2,0.0,4.9
2025-02-12T08:00:00.000-08:00,23.5,0.0,0.0,35.5,0.0,12.0
2025-02-13T08:00:00.000-08:00,23.4,0.0,0.0,39.6,0.0,16.2
2025-02-14T08:00:00.000-08:00,20.6,0.0,0.0,48.0,0.0,27.4
2025-02-15T08:00:00.000-08:00,23.5,0.0,0.0,35.2,0.0,11.7
2025-02-16T08:00:00.000-08:00,23.4,0.0,0.0,42.5,0.0,19.1
2025-02-17T08:00:00.000-08:00,20.6,0.0,0.0,49.8,0.0,29.2
2025-02-18T08:00:00.000-08:00,22.6,0.0,0.0,45.2,0.0,22.6
2025-02-19T08:00:00.000-08:00,25.0,0.0,0.0,30.7,0.0,5.7
2025-02-20T08:00:00.000-08:00,21.0,0.0,0.0,35.3,0.0,14.3
2025-02-21T08:00:00.000-08:00,29.5,0.0,0.0,31.7,0.0,2.2
2025-02-22T08:00:00.000-08:00,23.9,0.0,0.0,36.2,0.0,12.3
2025-02-23T08:00:00.000-08:00,26.4,0.0,0.0,32.9,0.0,6.5
2025-02-24T08:00:00.000-08:00,29.2,0.0,0.0,33.3,0.0,4.1
2025-02-25T08:00:00.000-08:00,21.7,0.0,0.0,39.0,0.0,17.3
2025-02-26T08:00:00.000-08:00,26.8,0.0,0.0,31.3,0.0,4.5
2025-02-27T08:00:00.000-08:00,26.0,0.0,0.0,37.3,0.0,11.3
2025-02-28T08:00:00.000-08:00,27.6,0.0,0.0,44.1,0.0,16.5
2025-03-01T08:00:00.000-08:00,29.7,0.0,0.0,41.1,0.0,11.4
2025-03-02T08:00:00.000-08:00,29.0,0.0,0.0,38.8,0.0,9.8
2025-03-03T08:00:00.000-08:00,29.2,0.0,0.0,47.8,0.0,18.6
2025-03-04T08:00:00.000-08:00,21.6,0.0,0.0,36.2,0.0,14.6
2025-03-05T08:00:00.000-08:00,29.2,0.0,0.0,43.2,0.0,14.0
2025-03-06T08:00:00.000-08:00,22.2,0.0,0.0,44.8,0.0,22.6
2025-03-07T08:00:00.000-08:00,23.3,0.0,0.0,36.3,0.0,13.0
2025-03-08T08:00:00.000-08:00,22.9,0.0,0.0,34.8,0.0,11.9
2025-03-09T08:00:00.000-08:00,20.2,0.0,0.0,49.0,0.0,28.8
2025-03-10T07:00:00.000-08:00,22.1,0.0,0.0,32.9,0.0,10.8
2025-03-11T07:00:00.000-08:00,22.2,0.0,0.0,44.7,0.0,22.5
2025-03-12T07:00:00.000-08:00,27.0,0.0,0.0,49.5,0.0,22.5
2025-03-13T07:00:00.000-08:00,26.6,0.0,0.0,37.2,0.0,10.6
2025-03-14T07:00:00.000-08:00,29.1,0.0,0.0,34.1,0.0,5.0
2025-03-15T07:00:00.000-08:00,24.1,0.0,0.0,46.7,0.0,22.6
2025-03-16T07:00:00.000-08:00,25.9,0.0,0.0,49.2,0.0,23.3
2025-03-17T07:00:00.000-08:00,28.0,0.0,0.0,34.6,0.0,6.6
2025-03-18T07:00:00.000-08:00,20.6,0.0,0.0,41.4,0.0,20.8
2025-03-19T07:00:00.000-08:00,26.5,0.0,0.0,31.3,0.0,4.8
2025-03-20T07:00:00.000-08:00,24.1,0.0,0.0,45.6,0.0,21.5
2025-03-21T07:00:00.000-08:00,27.7,0.0,0.0,46.5,0.0,18.8
2025-03-22T07:00:00.000-08:00,24.6,0.0,0.0,45.2,0.0,20.6
2025-03-23T07:00:00.000-08:00,30.0,0.0,0.0,40.5,0.0,10.5
2025-03-24T07:00:00.000-08:00,22.8,0.0,0.0,47.5,0.0,24.7
2025-03-25T07:00:00.000-08:00,22.8,0.0,0.0,40.8,0.0,18.0
2025-03-26T07:00:00.000-08:00,28.6,0.0,0.0,43.3,0.0,14.7
2025-03-27T07:00:00.000-08:00,26.4,0.0,0.0,45.6,0.0,19.2
2025-03-28T07:00:00.000-08:00,26.7,0.0,0.0,47.0,0.0,20.3
2025-03-29T07:00:00.000-08:00,28.7,0.0,0.0,37.4,0.0,8.7
2025-03-30T07:00:00.000-08:00,23.0,0.0,0.0,43.3,0.0,20.3
2025-03-31T07:00:00.000-08:00,22.7,0.0,0.0,37.6,0.0,14.9
2025-04-01T07:00:00.000-08:00,29.5,0.0,0.0,43.3,0.0,13.8
2025-04-02T07:00:00.000-08:00,28.7,0.0,0.0,31.6,0.0,2.9
2025-04-03T07:00:00.000-08:00,28.9,0.0,0.0,44.5,0.0,15.6
2025-04-04T07:00:00.000-08:00,23.5,0.0,0.0,42.9,0.0,19.4
2025-04-05T07:00:00.000-08:00,27.2,0.0,0.0,49.1,0.0,21.9
2025-04-06T07:00:00.000-08:00,24.0,0.0,0.0,44.3,0.0,20.3
2025-04-07T07:00:00.000-08:00,23.1,0.0,0.0,48.8,0.0,25.7
2025-04-08T07:00:00.000-08:00,20.8,0.0,0.0,40.8,0.0,20.0
2025-04-09T07:00:00.000-08:00,26.1,0.0,0.0,34.1,0.0,8.0
2025-04-10T07:00:00.000-08:00,29.2,0.0,0.0,35.3,0.0,6.1
2025-04-11T07:00:00.000-08:00,29.5,0.0,0.0,37.0,0.0,7.5
2025-04-12T07:00:00.000-08:00,28.6,0.0,0.0,42.5,0.0,13.9
2025-04-13T07:00:00.000-08:00,27.6,0.0,0.0,35.8,0.0,8.2
2025-04-14T07:00:00.000-08:00,22.2,0.0,0.0,45.9,0.0,23.7
2025-04-15T07:00:00.000-08:00,20.2,0.0,0.0,31.9,0.0,11.7
2025-04-16T07:00:00.000-08:00,23.9,0.0,0.0,43.5,0.0,19.6
2025-04-17T07:00:00.000-08:00,25.0,0.0,0.0,32.1,0.0,7.1
2025-04-18T07:00:00.000-08:00,21.8,0.0,0.0,41.3,0.0,19.5
2025-04-19T07:00:00.000-08:00,28.4,0.0,0.0,44.6,0.0,16.2
2025-04-20T07:00:00.000-08:00,23.8,0.0,0.0,48.7,0.0,24.9
2025-04-21T07:00:00.000-08:00,22.6,0.0,0.0,46.4,0.0,23.8
2025-04-22T07:00:00.000-08:00,23.1,0.0,0.0,40.1,0.0,17.0
2025-04-23T07:00:00.000-08:00,23.0,0.0,0.0,45.2,0.0,22.2
2025-04-24T07:00:00.000-08:00,29.5,0.0,0.0,42.5,0.0,13.0
2025-04-25T07:00:00.000-08:00,25.6,0.0,0.0,31.3,0.0,5.7
2025-04-26T07:00:00.000-08:00,21.3,0.0,0.0,30.9,0.0,9.6
2025-04-27T07:00:00.000-08:00,21.5,0.0,0.0,43.2,0.0,21.7
2025-04-28T07:00:00.000-08:00,21.7,0.0,0.0,48.7,0.0,27.0
2025-04-29T07:00:00.000-08:00,26.3,0.0,0.0,39.1,0.0,12.8
2025-04-30T07:00:00.000-08:00,27.2,0.0,0.0,40.1,0.0,12.9
2025-05-01T07:00:00.000-08:00,24.8,0.0,0.0,31.1,0.0,6.3
2025-05-02T07:00:00.000-08:00,29.9,0.0,0.0,37.7,0.0,7.8
2025-05-03T07:00:00.000-08:00,26.6,0.0,0.0,44.4,0.0,17.8
2025-05-04T07:00:00.000-08:00,25.9,0.0,0.0,41.4,0.0,15.5
2025-05-05T07:00:00.000-08:00,27.4,0.0,0.0,35.3,0.0,7.9
2025-05-06T07:00:00.000-08:00,23.4,0.0,0.0,43.9,0.0,20.5
2025-05-07T07:00:00.000-08:00,24.5,0.0,0.0,46.8,0.0,22.3
2025-05-08T07:00:00.000-08:00,22.6,0.0,0.0,45.8,0.0,23.2
2025-05-09T07:00:00.000-08:00,25.6,0.0,0.0,46.8,0.0,21.2
2025-05-10T07:00:00.000-08:00,28.7,0.0,0.0,48.0,0.0,19.3
2025-05-11T07:00:00.000-08:00,29.7,0.0,0.0,36.2,0.0,6.5
2025-05-12T07:00:00.000-08:00,24.5,0.0,0.0,38.4,0.0,13.9
2025-05-13T07:00:00.000-08:00,22.3,0.0,0.0,49.1,0.0,26.8
2025-05-14T07:00:00.000-08:00,27.5,0.0,0.0,41.4,0.0,13.9
2025-05-15T07:00:00.000-08:00,25.9,0.0,0.0,43.0,0.0,17.1
2025-05-16T07:00:00.000-08:00,27.2,0.0,0.0,35.0,0.0,7.8
2025-05-17T07:00:00.000-08:00,21.0,0.0,0.0,47.4,0.0,26.4
2025-05-18T07:00:00.000-08:00,27.6,0.0,0.0,48.9,0.0,21.3
2025-05-19T07:00:00.000-08:00,22.4,0.0,0.0,32.0,0.0,9.6
2025-05-20T07:00:00.000-08:00,22.8,0.0,0.0,43.0,0.0,20.2
2025-05-21T07:00:00.000-08:00,22.3,0.0,0.0,49.0,0.0,26.7
2025-05-22T07:00:00.000-08:00,26.1,0.0,0.0,35.8,0.0,9.7
2025-05-23T07:00:00.000-08:00,21.8,0.0,0.0,33.4,0.0,11.6
2025-05-24T07:00:00.000-08:00,27.7,0.0,0.0,40.9,0.0,13.2
2025-05-25T07:00:00.000-08:00,22.3,0.0,0.0,35.6,0.0,13.3
2025-05-26T07:00:00.000-08:00,26.1,0.0,0.0,34.5,0.0,8.4
2025-05-27T07:00:00.000-08:00,25.1,0.0,0.0,37.4,0.0,12.3
2025-05-28T07:00:00.000-08:00,27.1,0.0,0.0,40.4,0.0,13.3
2025-05-29T07:00:00.000-08:00,20.6,0.0,0.0,41.9,0.0,21.3
2025-05-30T07:00:00.000-08:00,29.5,0.0,0.0,40.7,0.0,11.2
2025-05-31T07:00:00.000-08:00,21.5,0.0,0.0,30.0,0.0,8.5
2025-06-01T07:00:00.000-08:00,21.7,0.0,0.0,38.0,0.0,16.3
2025-06-02T07:00:00.000-08:00,28.1,0.0,0.0,32.1,0.0,4.0
2025-06-03T07:00:00.000-08:00,29.6,0.0,0.0,37.2,0.0,7.6
2025-06-04T07:00:00.000-08:00,27.5,0.0,0.0,45.4,0.0,17.9
2025-06-05T07:00:00.000-08:00,25.0,0.0,0.0,43.0,0.0,18.0
2025-06-06T07:00:00.000-08:00,21.8,0.0,0.0,36.4,0.0,14.6
2025-06-07T07:00:00.000-08:00,27.7,0.0,0.0,48.1,0.0,20.4
2025-06-08T07:00:00.000-08:00,25.4,0.0,0.0,39.6,0.0,14.2
2025-06-09T07:00:00.000-08:00,21.1,0.0,0.0,37.5,0.0,16.4
2025-06-10T07:00:00.000-08:00,21.2,0.0,0.0,36.8,0.0,15.6
2025-06-11T07:00:00.000-08:00,27.3,0.0,0.0,32.3,0.0,5.0
2025-06-12T07:00:00.000-08:00,29.9,0.0,0.0,32.6,0.0,2.7
2025-06-13T07:00:00.000-08:00,24.8,0.0,0.0,45.4,0.0,20.6
2025-06-14T07:00:00.000-08:00,28.7,0.0,0.0,47.3,0.0,18.6
2025-06-15T07:00:00.000-08:00,23.1,0.0,0.0,46.2,0.0,23.1
2025-06-16T07:00:00.000-08:00,24.9,0.0,0.0,45.8,0.0,20.9
2025-06-17T07:00:00.000-08:00,24.2,0.0,0.0,37.0,0.0,12.8
2025-06-18T07:00:00.000-08:00,24.1,0.0,0.0,39.7,0.0,15.6
2025-06-19T07:00:00.000-08:00,28.3,0.0,0.0,42.3,0.0,14.0
2025-06-20T07:00:00.000-08:00,25.3,0.0,0.0,46.0,0.0,20.7
2025-06-21T07:00:00.000-08:00,27.9,0.0,0.0,37.0,0.0,9.1
2025-06-22T07:00:00.000-08:00,26.0,0.0,0.0,33.5,0.0,7.5
2025-06-23T07:00:00.000-08:00,20.2,0.0,0.0,40.2,0.0,20.0
2025-06-24T07:00:00.000-08:00,29.6,0.0,0.0,41.3,0.0,11.7
2025-06-25T07:00:00.000-08:00,22.4,0.0,0.0,30.1,0.0,7.7
2025-06-26T07:00:00.000-08:00,21.8,0.0,0.0,32.7,0.0,10.9
2025-06-27T07:00:00.000-08:00,22.7,0.0,0.0,44.8,0.0,22.1
2025-06-28T07:00:00.000-08:00,27.8,0.0,0.0,45.8,0.0,18.0
2025-06-29T07:00:00.000-08:00,27.4,0.0,0.0,43.7,0.0,16.3
2025-06-30T07:00:00.000-08:00,27.9,0.0,0.0,41.3,0.0,13.4
2025-07-01T07:00:00.000-08:00,26.7,0.0,0.0,35.9,0.0,9.2
2025-07-02T07:00:00.000-08:00,23.8,0.0,0.0,33.1,0.0,9.3
2025-07-03T07:00:00.000-08:00,27.9,0.0,0.0,48.2,0.0,20.3
2025-07-04T07:00:00.000-08:00,24.8,0.0,0.0,47.6,0.0,22.8
2025-07-05T07:00:00.000-08:00,22.8,0.0,0.0,46.8,0.0,24.0
2025-07-06T07:00:00.000-08:00,22.4,0.0,0.0,41.2,0.0,18.8
2025-07-07T07:00:00.000-08:00,29.1,0.0,0.0,48.6,0.0,19.5
2025-07-08T07:00:00.000-08:00,20.7,0.0,0.0,39.5,0.0,18.8
2025-07-09T07:00:00.000-08:00,25.9,0.0,0.0,30.9,0.0,5.0
2025-07-10T07:00:00.000-08:00,22.2,0.0,0.0,38.7,0.0,16.5
2025-07-11T07:00:00.000-08:00,23.4,0.0,0.0,32.4,0.0,9.0
2025-07-12T07:00:00.000-08:00,24.4,0.0,0.0,49.0,0.0,24.6
2025-07-13T07:00:00.000-08:00,28.6,0.0,0.0,40.9,0.0,12.3
2025-07-14T07:00:00.000-08:00,26.0,0.0,0.0,31.4,0.0,5.4
2025-07-15T07:00:00.000-08:00,28.9,0.0,0.0,38.8,0.0,9.9
2025-07-16T07:00:00.000-08:00,20.9,0.0,0.0,49.5,0.0,28.6
2025-07-17T07:00:00.000-08:00,26.8,0.0,0.0,44.1,0.0,17.3
2025-07-18T07:00:00.000-08:00,20.2,0.0,0.0,35.5,0.0,15.3
2025-07-19T07:00:00.000-08:00,24.4,0.0,0.0,30.5,0.0,6.1
2025-07-20T07:00:00.000-08:00,28.3,0.0,0.0,48.3,0.0,20.0
2025-07-21T07:00:00.000-08:00,25.8,0.0,0.0,31.1,0.0,5.3
2025-07-22T07:00:00.000-08:00,27.1,0.0,0.0,37.7,0.0,10.6
2025-07-23T07:00:00.000-08:00,21.8,0.0,0.0,46.2,0.0,24.4
2025-07-24T07:00:00.000-08:00,25.2,0.0,0.0,35.7,0.0,10.5
2025-07-25T07:00:00.000-08:00,22.8,0.0,0.0,47.1,0.0,24.3
2025-07-26T07:00:00.000-08:00,21.3,0.0,0.0,46.3,0.0,25.0
2025-07-27T07:00:00.000-08:00,26.7,0.0,0.0,32.5,0.0,5.8
2025-07-28T07:00:00.000-08:00,28.7,0.0,0.0,37.8,0.0,9.1
2025-07-29T07:00:00.000-08:00,24.0,0.0,0.0,36.7,0.0,12.7
2025-07-30T07:00:00.000-08:00,28.4,0.0,0.0,49.1,0.0,20.7
2025-07-31T07:00:00.000-08:00,24.0,0.0,0.0,45.9,0.0,21.9
2025-08-01T07:00:00.000-08:00,24.3,0.0,0.0,45.6,0.0,21.3
2025-08-02T07:00:00.000-08:00,24.5,0.0,0.0,37.1,0.0,12.6
2025-08-03T07:00:00.000-08:00,21.9,0.0,0.0,46.8,0.0,24.9
2025-08-04T07:00:00.000-08:00,27.7,0.0,0.0,46.5,0.0,18.8
2025-08-05T07:00:00.000-08:00,28.6,0.0,0.0,47.2,0.0,18.6
2025-08-06T07:00:00.000-08:00,24.1,0.0,0.0,35.2,0.0,11.1
2025-08-07T07:00:00.000-08:00,29.5,0.0,0.0,44.1,0.0,14.6
2025-08-08T07:00:00.000-08:00,23.7,0.0,0.0,42.5,0.0,18.8
2025-08-09T07:00:00.000-08:00,22.4,0.0,0.0,47.0,0.0,24.6
2025-08-10T07:00:00.000-08:00,23.5,0.0,0.0,35.2,0.0,11.7
2025-08-11T07:00:00.000-08:00,20.0,0.0,0.0,35.0,0.0,15.0
2025-08-12T07:00:00.000-08:00,29.9,0.0,0.0,43.0,0.0,13.1
2025-08-13T07:00:00.000-08:00,28.8,0.0,0.0,37.1,0.0,8.3
2025-08-14T07:00:00.000-08:00,28.3,0.0,0.0,46.0,0.0,17.7
2025-08-15T07:00:00.000-08:00,26.3,0.0,0.0,38.3,0.0,12.0
2025-08-16T07:00:00.000-08:00,23.5,0.0,0.0,38.4,0.0,14.9
2025-08-17T07:00:00.000-08:00,26.2,0.0,0.0,38.9,0.0,12.7
2025-08-18T07:00:00.000-08:00,26.6,0.0,0.0,30.2,0.0,3.6
2025-08-19T07:00:00.000-08:00,25.2,0.0,0.0,47.7,0.0,22.5
2025-08-20T07:00:00.000-08:00,27.5,0.0,0.0,40.6,0.0,13.1
2025-08-21T07:00:00.000-08:00,20.1,0.0,0.0,41.8,0.0,21.7
2025-08-22T07:00:00.000-08:00,25.2,0.0,0.0,44.2,0.0,19.0
2025-08-23T07:00:00.000-08:00,26.6,0.0,0.0,33.0,0.0,6.4
2025-08-24T07:00:00.000-08:00,23.8,0.0,0.0,45.7,0.0,21.9
2025-08-25T07:00:00.000-08:00,24.3,0.0,0.0,35.2,0.0,10.9
2025-08-26T07:00:00.000-08:00,26.4,0.0,0.0,45.3,0.0,18.9
2025-08-27T07:00:00.000-08:00,23.1,0.0,0.0,37.5,0.0,14.4
2025-08-28T07:00:00.000-08:00,28.6,0.0,0.0,31.0,0.0,2.4
2025-08-29T07:00:00.000-08:00,22.0,0.0,0.0,31.1,0.0,9.1
2025-08-30T07:00:00.000-08:00,26.0,0.0,0.0,37.6,0.0,11.6
2025-08-31T07:00:00.000-08:00,24.2,0.0,0.0,47.4,0.0,23.2
2025-09-01T07:00:00.000-08:00,23.4,0.0,0.0,34.1,0.0,10.7
2025-09-02T07:00:00.000-08:00,20.7,0.0,0.0,47.8,0.0,27.1
2025-09-03T07:00:00.000-08:00,27.4,0.0,0.0,34.1,0.0,6.7
2025-09-04T07:00:00.000-08:00,21.7,0.0,0.0,44.7,0.0,23.0
2025-09-05T07:00:00.000-08:00,26.0,0.0,0.0,46.1,0.0,20.1
2025-09-06T07:00:00.000-08:00,22.9,0.0,0.0,47.6,0.0,24.7
2025-09-07T07:00:00.000-08:00,27.9,0.0,0.0,39.6,0.0,11.7
2025-09-08T07:00:00.000-08:00,23.9,0.0,0.0,45.9,0.0,22.0
2025-09-09T07:00:00.000-08:00,27.7,0.0,0.0,40.8,0.0,13.1
2025-09-10T07:00:00.000-08:00,24.9,0.0,0.0,33.6,0.0,8.7
2025-09-11T07:00:00.000-08:00,23.3,0.0,0.0,47.3,0.0,24.0
2025-09-12T07:00:00.000-08:00,26.5,0.0,0.0,43.0,0.0,16.5
2025-09-13T07:00:00.000-08:00,22.1,0.0,0.0,43.2,0.0,21.1
2025-09-14T07:00:00.000-08:00,28.8,0.0,0.0,45.2,0.0,16.4
2025-09-15T07:00:00.000-08:00,25.1,0.0,0.0,43.0,0.0,17.9
2025-09-16T07:00:00.000-08:00,21.8,0.0,0.0,44.0,0.0,22.2
2025-09-17T07:00:00.000-08:00,28.6,0.0,0.0,34.4,0.0,5.8
2025-09-18T07:00:00.000-08:00,21.7,0.0,0.0,33.1,0.0,11.4
2025-09-19T07:00:00.000-08:00,29.9,0.0,0.0,46.6,0.0,16.7
2025-09-20T07:00:00.000-08:00,24.5,0.0,0.0,44.0,0.0,19.5
2025-09-21T07:00:00.000-08:00,27.5,0.0,0.0,39.0,0.0,11.5
2025-09-22T07:00:00.000-08:00,27.7,0.0,0.0,35.3,0.0,7.6
2025-09-23T07:00:00.000-08:00,24.6,0.0,0.0,33.9,0.0,9.3
2025-09-24T07:00:00.000-08:00,21.3,0.0,0.0,41.3,0.0,20.0
2025-09-25T07:00:00.000-08:00,24.6,0.0,0.0,41.3,0.0,16.7
2025-09-26T07:00:00.000-08:00,21.5,0.0,0.0,44.2,0.0,22.7
2025-09-27T07:00:00.000-08:00,25.3,0.0,0.0,36.2,0.0,10.9
2025-09-28T07:00:00.000-08:00,25.1,0.0,0.0,42.0,0.0,16.9
2025-09-29T07:00:00.000-08:00,26.4,0.0,0.0,40.1,0.0,13.7
2025-09-30T07:00:00.000-08:00,23.5,0.0,0.0,45.5,0.0,22.0
2025-10-01T07:00:00.000-08:00,24.2,0.0,0.0,42.8,0.0,18.6
2025-10-02T07:00:00.000-08:00,24.7,0.0,0.0,46.3,0.0,21.6
2025-10-03T07:00:00.000-08:00,21.1,0.0,0.0,47.5,0.0,26.4
2025-10-04T07:00:00.000-08:00,21.6,0.0,0.0,30.3,0.0,8.7
2025-10-05T07:00:00.000-08:00,22.6,0.0,0.0,44.2,0.0,21.6
2025-10-06T07:00:00.000-08:00,27.9,0.0,0.0,41.4,0.0,13.5
2025-10-07T07:00:00.000-08:00,27.9,0.0,0.0,31.5,0.0,3.6
2025-10-08T07:00:00.000-08:00,28.2,0.0,0.0,47.2,0.0,19.0
2025-10-09T07:00:00.000-08:00,20.4,0.0,0.0,48.2,0.0,27.8
2025-10-10T07:00:00.000-08:00,24.5,0.0,0.0,31.3,0.0,6.8
2025-10-11T07:00:00.000-08:00,28.0,0.0,0.0,31.5,0.0,3.5
2025-10-12T07:00:00.000-08:00,20.8,0.0,0.0,45.3,0.0,24.5
2025-10-13T07:00:00.000-08:00,23.8,0.0,0.0,44.4,0.0,20.6
2025-10-14T07:00:00.000-08:00,28.8,0.0,0.0,42.7,0.0,13.9
2025-10-15T07:00:00.000-08:00,29.6,0.0,0.0,42.6,0.0,13.0
2025-10-16T07:00:00.000-08:00,22.3,0.0,0.0,37.5,0.0,15.2
2025-10-17T07:00:00.000-08:00,29.0,0.0,0.0,48.4,0.0,19.4
2025-10-18T07:00:00.000-08:00,27.6,0.0,0.0,33.8,0.0,6.2
2025-10-19T07:00:00.000-08:00,25.2,0.0,0.0,33.8,0.0,8.6
2025-10-20T07:00:00.000-08:00,25.0,0.0,0.0,49.0,0.0,24.0
2025-10-21T07:00:00.000-08:00,22.7,0.0,0.0,46.7,0.0,24.0
2025-10-22T07:00:00.000-08:00,29.3,0.0,0.0,39.7,0.0,10.4
2025-10-23T07:00:00.000-08:00,27.4,0.0,0.0,30.3,0.0,2.9
2025-10-24T07:00:00.000-08:00,29.5,0.0,0.0,44.3,0.0,14.8
2025-10-25T07:00:00.000-08:00,24.1,0.0,0.0,40.3,0.0,16.2
2025-10-26T07:00:00.000-08:00,29.3,0.0,0.0,38.4,0.0,9.1
2025-10-27T07:00:00.000-08:00,25.9,0.0,0.0,46.2,0.0,20.3
2025-10-28T07:00:00.000-08:00,22.0,0.0,0.0,43.1,0.0,21.1
2025-10-29T07:00:00.000-08:00,20.6,0.0,0.0,37.5,0.0,16.9
2025-10-30T07:00:00.000-08:00,29.8,0.0,0.0,34.9,0.0,5.1
2025-10-31T07:00:00.000-08:00,27.7,0.0,0.0,47.9,0.0,20.2
2025-11-01T07:00:00.000-08:00,26.8,0.0,0.0,36.8,0.0,10.0
2025-11-02T07:00:00.000-08:00,21.8,0.0,0.0,46.9,0.0,25.1
2025-11-03T08:00:00.000-08:00,27.8,0.0,0.0,34.1,0.0,6.3
2025-11-04T08:00:00.000-08:00,20.3,0.0,0.0,33.5,0.0,13.2
2025-11-05T08:00:00.000-08:00,25.2,0.0,0.0,48.1,0.0,22.9
2025-11-06T08:00:00.000-08:00,25.2,0.0,0.0,31.7,0.0,6.5
2025-11-07T08:00:00.000-08:00,29.8,0.0,0.0,47.3,0.0,17.5
2025-11-08T08:00:00.000-08:00,25.2,0.0,0.0,41.7,0.0,16.5
2025-11-09T08:00:00.000-08:00,21.9,0.0,0.0,35.1,0.0,13.2
2025-11-10T08:00:00.000-08:00,24.0,0.0,0.0,47.9,0.0,23.9
2025-11-11T08:00:00.000-08:00,23.5,0.0,0.0,37.8,0.0,14.3
2025-11-12T08:00:00.000-08:00,23.6,0.0,0.0,36.1,0.0,12.5
2025-11-13T08:00:00.000-08:00,26.9,0.0,0.0,40.8,0.0,13.9
2025-11-14T08:00:00.000-08:00,20.5,0.0,0.0,30.3,0.0,9.8
2025-11-15T08:00:00.000-08:00,29.1,0.0,0.0,48.6,0.0,19.5
2025-11-16T08:00:00.000-08:00,28.2,0.0,0.0,32.9,0.0,4.7
2025-11-17T08:00:00.000-08:00,22.5,0.0,0.0,46.1,0.0,23.6
2025-11-18T08:00:00.000-08:00,28.2,0.0,0.0,36.8,0.0,8.6
2025-11-19T08:00:00.000-08:00,23.4,0.0,0.0,32.1,0.0,8.7
2025-11-20T08:00:00.000-08:00,24.3,0.0,0.0,49.9,0.0,25.6
2025-11-21T08:00:00.000-08:00,22.1,0.0,0.0,42.0,0.0,19.9
2025-11-22T08:00:00.000-08:00,25.7,0.0,0.0,49.0,0.0,23.3
2025-11-23T08:00:00.000-08:00,26.6,0.0,0.0,44.4,0.0,17.8
2025-11-24T08:00:00.000-08:00,28.0,0.0,0.0,30.8,0.0,2.8
2025-11-25T08:00:00.000-08:00,26.8,0.0,0.0,31.2,0.0,4.4
2025-11-26T08:00:00.000-08:00,24.0,0.0,0.0,43.7,0.0,19.7
2025-11-27T08:00:00.000-08:00,24.0,0.0,0.0,32.1,0.0,8.1
2025-11-28T08:00:00.000-08:00,20.2,0.0,0.0,36.6,0.0,16.4
2025-11-29T08:00:00.000-08:00,28.5,0.0,0.0,31.3,0.0,2.8
2025-11-30T08:00:00.000-08:00,29.5,0.0,0.0,43.5,0.0,14.0
2025-12-01T08:00:00.000-08:00,24.4,0.0,0.0,43.0,0.0,18.6
2025-12-02T08:00:00.000-08:00,24.8,0.0,0.0,49.8,0.0,25.0
2025-12-03T08:00:00.000-08:00,22.8,0.0,0.0,34.8,0.0,12.0
2025-12-04T08:00:00.000-08:00,23.6,0.0,0.0,40.2,0.0,16.6
2025-12-05T08:00:00.000-08:00,25.5,0.0,0.0,43.6,0.0,18.1
2025-12-06T08:00:00.000-08:00,27.2,0.0,0.0,46.3,0.0,19.1
2025-12-07T08:00:00.000-08:00,20.7,0.0,0.0,40.3,0.0,19.6
2025-12-08T08:00:00.000-08:00,27.1,0.0,0.0,43.4,0.0,16.3
2025-12-09T08:00:00.000-08:00,20.9,0.0,0.0,37.8,0.0,16.9
2025-12-10T08:00:00.000-08:00,22.2,0.0,0.0,47.1,0.0,24.9
2025-12-11T08:00:00.000-08:00,23.0,0.0,0.0,40.2,0.0,17.2
2025-12-12T08:00:00.000-08:00,28.3,0.0,0.0,31.7,0.0,3.4
2025-12-13T08:00:00.000-08:00,23.8,0.0,0.0,39.8,0.0,16.0
2025-12-14T08:00:00.000-08:00,23.4,0.0,0.0,37.8,0.0,14.4
2025-12-15T08:00:00.000-08:00,24.7,0.0,0.0,43.3,0.0,18.6
2025-12-16T08:00:00.000-08:00,27.6,0.0,0.0,42.3,0.0,14.7
2025-12-17T08:00:00.000-08:00,26.1,0.0,0.0,43.9,0.0,17.8
2025-12-18T08:00:00.000-08:00,28.2,0.0,0.0,49.6,0.0,21.4
2025-12-19T08:00:00.000-08:00,22.3,0.0,0.0,39.9,0.0,17.6
2025-12-20T08:00:00.000-08:00,24.7,0.0,0.0,35.0,0.0,10.3
2025-12-21T08:00:00.000-08:00,27.3,0.0,0.0,39.0,0.0,11.7
2025-12-22T08:00:00.000-08:00,25.2,0.0,0.0,32.5,0.0,7.3
2025-12-23T08:00:00.000-08:00,26.3,0.0,0.0,32.7,0.0,6.4
2025-12-24T08:00:00.000-08:00,28.5,0.0,0.0,44.4,0.0,15.9
2025-12-25T08:00:00.000-08:00,27.7,0.0,0.0,32.4,0.0,4.7
2025-12-26T08:00:00.000-08:00,21.6,0.0,0.0,40.1,0.0,18.5
2025-12-27T08:00:00.000-08:00,25.6,0.0,0.0,45.7,0.0,20.1
2025-12-28T08:00:00.000-08:00,24.2,0.0,0.0,38.1,0.0,13.9
2025-12-29T08:00:00.000-08:00,29.2,0.0,0.0,47.0,0.0,17.8
2025-12-30T08:00:00.000-08:00,28.5,0.0,0.0,48.2,0.0,19.7
2025-12-31T08:00:00.000-08:00,25.6,0.0,0.0,33.4,0.0,7.8
